68.9642145203354 33.0701172349654 68.964210669209 33.0696666238509 68.9645534168271 33.0697846410476 68.9645380125541 33.0701601503097
68.9645380125541 33.0728852746688 68.9629320580212 33.0724453923904 68.9628781390517 33.0732071397506 68.9645380125541 33.0736041066848
68.9630707061941 33.0694842336379 68.962870436331 33.0729067323409 68.962735638283 33.0728745458328 68.9629012471976 33.0694520471298
68.9628896931277 33.0694735048019 68.9628627336076 33.0699670312606 68.9626894216196 33.0699241159164 68.9627009757945 33.0694735048019
68.9626855702266 33.0695271489822 68.9626393534581 33.0714261529647 68.9624621882812 33.0713725087844 68.9625507710477 33.069494962474
68.9626123936317 33.0714261529647 68.9625969880019 33.0717587468826 68.9624275253625 33.0717158315383 68.9624313768006 33.0714046952926
68.9627394896672 33.0723917482101 68.9627163813517 33.0730462072097 68.9624390796748 33.0728638169967 68.9624544854151 33.0723273751937
68.9628762133718 33.0728380618052 68.9627510438159 33.0728004919997 68.9626682389497 33.075339137429 68.9627548951974 33.0753176689688
68.9627548951974 33.0752743726459 68.9627394896672 33.0755426983621 68.9631207733755 33.0759612864794 68.9636715048629 33.0761759470524 68.9636984633935 33.075821757107 68.9631361786392 33.0755641644194
68.9626894216196 33.0752529065886 68.9626778674385 33.0755963635054 68.962408268162 33.0755534313907 68.962400565277 33.0752207075026
68.9636907609596 33.0759074164731 68.9636715048629 33.0761757722268 68.9641028373951 33.0770237764082 68.964268436035 33.0769486367972 68.9642145203354 33.0767339521943 68.9641336465386 33.0767661548848
68.9639796003903 33.075392435961 68.9639141304512 33.075607096534 68.9642453293228 33.0765408700264 68.964210669209 33.0767340645421 68.964279989382 33.0768950599718 68.9643185004951 33.0764872048832
68.964268436035 33.0775819563758 68.9643030960579 33.0772169925508 68.964545714692 33.0773350690824 68.9645495657599 33.0777644382883
68.9625777309494 33.0779039832801 68.9625584738801 33.0781616048036 68.9623389421006 33.078118667883 68.9623389421006 33.0778717805897
68.9626277992508 33.0779361859706 68.9625777309494 33.0779254517404 68.9625315139548 33.0789881405248 68.9626200964426 33.0789559378344
68.9626470562596 33.0782152759543 68.9626624618544 33.0779898571213 68.9635790753647 33.0783118840256 68.9643955225192 33.0791813566674 68.9642453293228 33.0793316358894 68.9635290092246 33.0786017082396
